test_Autoformer_ETTh1_ftM_sl336_ll48_pl96_dm512_nh8_el2_dl1_df2048_fc1_ebtimeF_dtTrue_test_0  
mse:0.474536657333374, mae:0.47513172030448914, rse:0.6543176770210266, corr:[0.25398606 0.24636932 0.24599731 0.24529096 0.24389775 0.24249071
 0.2402389  0.23867883 0.23861215 0.23876745 0.2384506  0.2377914
 0.23554982 0.23320849 0.23197201 0.231817   0.23170993 0.23172592
 0.23229764 0.23248443 0.23282658 0.23246984 0.23117511 0.2302681
 0.22765686 0.22756417 0.22789651 0.2284657  0.22897108 0.22875468
 0.22868101 0.22835495 0.22857282 0.2293651  0.22936605 0.22955434
 0.22917922 0.22923295 0.22875269 0.22789678 0.22750634 0.22706695
 0.22687417 0.22670767 0.22650494 0.22595102 0.22578526 0.22492538
 0.2214301  0.22123559 0.22121477 0.22134583 0.22123504 0.22065456
 0.2203329  0.22024247 0.22052106 0.22094567 0.2206755  0.22048746
 0.22003704 0.21958761 0.21948743 0.21905078 0.21890378 0.21893838
 0.21985227 0.22019082 0.21977201 0.21914764 0.21833372 0.21732818
 0.21495773 0.21576807 0.2165144  0.21629535 0.21617985 0.21637298
 0.21666352 0.2169684  0.21799962 0.2194783  0.22026658 0.22043654
 0.21953064 0.21795246 0.21663076 0.21591812 0.21616182 0.2172257
 0.21973354 0.22093402 0.22262411 0.2253184  0.227995   0.2341467 ]

test_Autoformer_ETTh1_ftM_sl336_ll48_pl96_dm512_nh8_el2_dl1_df2048_fc1_ebtimeF_dtTrue_test_1  
mse:0.4822158217430115, mae:0.4870052933692932, rse:0.6595906615257263, corr:[0.25203067 0.24278058 0.2409863  0.23868738 0.23571436 0.23281366
 0.22987011 0.22790289 0.22683111 0.22666219 0.2270375  0.22646663
 0.22583787 0.22529523 0.22434704 0.22433336 0.22431172 0.2252907
 0.2258518  0.22554272 0.22473049 0.2241329  0.22325927 0.22202693
 0.22106801 0.22091609 0.2211175  0.2214184  0.22210968 0.22183557
 0.2217261  0.22107589 0.22050431 0.22011514 0.22025996 0.22003399
 0.21979898 0.22028086 0.22012097 0.22023346 0.22062871 0.22076268
 0.2203528  0.22033536 0.22048777 0.21999454 0.2192207  0.2186157
 0.21798359 0.2175309  0.21764483 0.21694769 0.21679357 0.21586843
 0.21498169 0.21389602 0.21346836 0.21321537 0.21355884 0.21386671
 0.21349283 0.21361929 0.21312015 0.21282688 0.21295618 0.21181446
 0.21108153 0.21037096 0.20947981 0.20882365 0.2078165  0.20705353
 0.20730203 0.20738928 0.20772992 0.20761043 0.20785925 0.20873944
 0.20948635 0.21009138 0.21046445 0.2106621  0.212179   0.21396203
 0.21532893 0.21763873 0.2184231  0.21824063 0.21816437 0.21707055
 0.21637401 0.2162321  0.21704501 0.21764818 0.21761057 0.22596608]

